0.2633924156501555
0.525479657191581
0.7849781998619827
1.040647061761672
1.2913072308993518
1.5358590015668727
1.7732967155607922
2.002720546591125
2.2233451202978025
2.434504915940469
2.6356565383869377
2.8263780719890876
3.006365825496631
3.175428846289245
3.333481622641303
3.4805354063791314
3.616688578786555
3.742116454563541
3.857060877098848
3.961819908207405
4.05673786129487
4.142195872360586
4.218603151293723
4.286389008587786
4.345995711228697
4.397872186710272
4.4424685660060055
4.48023153458509
4.51160044463299
4.537004130814929
4.55685836540201
4.5715638855868
4.581504925583368
4.587048187976755
4.588542192154717
4.586316942029717
4.580683860250911
4.571935941365466
4.560348081709383
4.546177548976279
4.5296645593252665
4.511032934455379
4.49049081524921
4.468231412349033
4.444433777372177
4.419263581423353
4.392873890118879
4.365405926556059
4.336989815546876
4.307745304044894
4.277782454031825
4.247202305259489
4.216097506161138
4.184552912001925
4.152646149947229
4.120448151211892
4.088023650828679
4.055431655871193
4.022725883181436
3.9899551678060243
3.957163843458755
3.9243920963907635
3.8916762940807863
3.859049290171394
3.8265407070651483
3.7941771975587493
3.7619826868670847
3.729978596324921
3.698184050016592
3.666616065507124
3.635289729807186
3.6042183616212164
3.5734136608878386
3.542885846541147
3.5126437833759634
3.482695098835532
3.453046290488484
3.42370282490336
3.3946692285883455
3.3659491716070136
3.3375455444411686
3.309460528629096
3.2816956616684387
3.2542518966333827
3.227129656925798
3.200328886545155
3.1738490962330195
3.1476894058194484
3.1218485830749922
3.096325079347579
3.0711170622398303
3.0462224455645672
3.0216389167957427
2.9973639622176074
2.973394889953144
2.9497288510467774
2.9263628587524013
2.9032938061762095
2.880518482402269
2.858033587226636
